LETRA A:

1;1;1;1;1;
1;0;0;0;1;
1;1;1;1;1;
1;0;0;0;1;
1;0;0;0;1;

LETRA E:

1;1;1;1;1;
1;0;0;0;0;
1;1;1;1;1;
1;0;0;0;0;
1;1;1;1;1;

LETRA I:

1;1;1;1;1;
0;0;1;0;0;
0;0;1;0;0;
0;0;1;0;0;
1;1;1;1;1;

LETRA O:

1;1;1;1;1;
1;0;0;0;1;
1;0;0;0;1;
1;0;0;0;1;
1;1;1;1;1;

LETRA U:

1;0;0;0;1;
1;0;0;0;1;
1;0;0;0;1;
1;0;0;0;1;
1;1;1;1;1;


LETRA B:
1;1;1;1;0;
1;0;0;0;1;
1;1;1;1;1;
1;0;0;0;1;
1;1;1;1;0;

1;1;1;1;0;1;0;0;0;1;1;1;1;1;1;1;0;0;0;1;1;1;1;1;0;


LETRA C:
1;1;1;1;1;
1;0;0;0;0;
1;0;0;0;0;
1;0;0;0;0;
1;1;1;1;1;

1;1;1;1;1;1;0;0;0;0;1;0;0;0;0;1;0;0;0;0;1;1;1;1;1;


LETRA D:
0;0;0;0;1;
0;0;0;0;1;
1;1;1;1;1;
1;0;0;0;1;
1;1;1;1;1;

0;0;0;0;1;0;0;0;0;1;1;1;1;1;1;1;0;0;0;1;1;1;1;1;1;



LETRA F:
1;1;1;1;1;
1;0;0;0;0;
1;1;1;1;1;
1;0;0;0;0;
1;0;0;0;0;

1;1;1;1;1;1;0;0;0;0;1;1;1;1;1;1;0;0;0;0;1;0;0;0;0;



LETRA G:
1;1;1;1;1;
1;0;0;0;0;
1;0;0;1;1;
1;0;0;0;1;
1;1;1;1;1;

1;1;1;1;1;1;0;0;0;0;1;0;0;1;1;1;0;0;0;1;1;1;1;1;1;



LETRA H:

1;0;0;0;1;
1;0;0;0;1;
1;1;1;1;1;
1;0;0;0;1;
1;0;0;0;1;

1;0;0;0;1;1;0;0;0;1;1;1;1;1;1;1;0;0;0;1;1;0;0;0;1;



LETRA J:
1;1;1;1;1;
0;0;1;0;0;
1;0;1;0;0;
1;0;1;0;0;
1;1;1;0;0;

1;1;1;1;1;0;0;1;0;0;1;0;1;0;0;1;0;1;0;0;1;1;1;0;0;



LETRA K:
1;0;0;1;1;
1;0;1;0;0;
1;1;0;0;0;
1;0;1;0;0;
1;0;0;1;1;

1;0;0;1;1;1;0;1;0;0;1;1;0;0;0;1;0;1;0;0;1;0;0;1;1;


LETRA L:
1;0;0;0;0;
1;0;0;0;0;
1;0;0;0;0;
1;0;0;0;0;
1;1;1;1;1;

1;0;0;0;0;1;0;0;0;0;1;0;0;0;0;1;0;0;0;0;1;1;1;1;1;



LETRA M:
1;0;0;0;1;
1;1;0;1;1;
1;1;0;1;1;
1;0;1;0;1;
1;0;1;0;1;

1;0;0;0;1;1;1;0;1;1;1;1;0;1;1;1;0;1;0;1;1;0;1;0;1;


LETRA N:
1;0;0;0;1;
1;1;0;0;1;
1;0;1;0;1;
1;0;0;1;1;
1;0;0;0;1;

1;0;0;0;1;1;1;0;0;1;1;0;1;0;1;1;0;0;1;1;1;0;0;0;1;


LETRA P:
1;1;1;1;1;
1;0;0;0;1;
1;1;1;1;1;
1;0;0;0;0;
1;0;0;0;0;

1;1;1;1;1;1;0;0;0;1;1;1;1;1;1;1;0;0;0;0;1;0;0;0;0;


LETRA Q:
1;1;1;1;1;
1;1;0;0;1;
1;0;1;0;1;
1;0;0;1;1;
1;1;1;1;1;

1;1;1;1;1;1;1;0;0;1;1;0;1;0;1;1;0;0;1;1;1;1;1;1;1;



LETRA R:
1;1;1;1;1;
1;0;0;0;1;
1;1;1;1;1;
1;0;1;0;0;
1;0;0;1;1;


1;1;1;1;1;1;0;0;0;1;1;1;1;1;1;1;0;1;0;0;1;0;0;1;1;



LETRA S:
1;1;1;1;1;
1;0;0;0;0;
1;1;1;1;1;
0;0;0;0;1;
1;1;1;1;1;


1;1;1;1;1;1;0;0;0;0;1;1;1;1;1;0;0;0;0;1;1;1;1;1;1;


LETRA V:
1;0;0;0;1;
0;1;0;1;0;
0;1;0;1;0;
0;0;1;0;0;
0;0;1;0;0;

1;0;0;0;1;0;1;0;1;0;0;1;0;1;0;0;0;1;0;0;0;0;1;0;0;



LETRA W:
1;0;1;0;1;
1;0;1;0;1;
1;0;1;0;1;
1;0;1;0;1;
1;1;1;1;1;


1;0;1;0;1;1;0;1;0;1;1;0;1;0;1;1;0;1;0;1;1;1;1;1;1;


LETRA X:
1;0;0;0;1;
0;1;0;1;0;
0;0;1;0;0;
0;1;0;1;0;
1;0;0;0;1;


1;0;0;0;1;0;1;0;1;0;0;0;1;0;0;0;1;0;1;0;1;0;0;0;1;


LETRA Y:
1;0;0;0;1;
0;1;0;1;0;
0;0;1;0;0;
0;0;1;0;0;
0;0;1;0;0;

1;0;0;0;1;0;1;0;1;0;0;0;1;0;0;0;0;1;0;0;0;0;1;0;0;



LETRA Z:


1;1;1;1;1;
0;0;0;0;1;
1;1;1;1;1;
1;0;0;0;0;
1;1;1;1;1;


1;1;1;1;1;0;0;0;0;1;1;1;1;1;1;1;0;0;0;0;1;1;1;1;1;


METADE PINTADO CIMA:
1;1;1;1;1;
1;1;1;1;1;
1;1;1;1;1;
0;0;0;0;0;
0;0;0;0;0;

1;1;1;1;1;1;1;1;1;1;1;1;1;1;1;0;0;0;0;0;0;0;0;0;0;


METADE PINTADO BAIXO:
0;0;0;0;0;
0;0;0;0;0;
1;1;1;1;1;
1;1;1;1;1;
1;1;1;1;1;

0;0;0;0;0;0;0;0;0;0;1;1;1;1;1;1;1;1;1;1;1;1;1;1;1;


METADE PINTADO ESQ:
0;0;1;1;1;
0;0;1;1;1;
0;0;1;1;1;
0;0;1;1;1;
0;0;1;1;1;

0;0;1;1;1;0;0;1;1;1;0;0;1;1;1;0;0;1;1;1;0;0;1;1;1;



METADE PINTADO DIR:
1;1;1;0;0;
1;1;1;0;0;
1;1;1;0;0;
1;1;1;0;0;
1;1;1;0;0;

1;1;1;0;0;1;1;1;0;0;1;1;1;0;0;1;1;1;0;0;1;1;1;0;0;



TUDO PRETO:
1;1;1;1;1;
1;1;1;1;1;
1;1;1;1;1;
1;1;1;1;1;
1;1;1;1;1;

1;1;1;1;1;1;1;1;1;1;1;1;1;1;1;1;1;1;1;1;1;1;1;1;1;



TUDO BRANCO:
0;0;0;0;0;
0;0;0;0;0;
0;0;0;0;0;
0;0;0;0;0;
0;0;0;0;0;

0;0;0;0;0;0;0;0;0;0;0;0;0;0;0;0;0;0;0;0;0;0;0;0;0;






































