1;1;1;1;1;1;0;0;0;1;1;1;1;1;1;1;0;0;0;1;1;0;0;0;1-1;0;0;0;0
1;1;1;1;1;1;0;0;0;0;1;1;1;1;1;1;0;0;0;0;1;1;1;1;1-0;1;0;0;0
1;1;1;1;1;0;0;1;0;0;0;0;1;0;0;0;0;1;0;0;1;1;1;1;1-0;0;1;0;0
1;1;1;1;1;1;0;0;0;1;1;0;0;0;1;1;0;0;0;1;1;1;1;1;1-0;0;0;1;0
1;0;0;0;1;1;0;0;0;1;1;0;0;0;1;1;0;0;0;1;1;1;1;1;1-0;0;0;0;1
1;1;1;1;1;1;0;0;0;1;1;1;1;1;1;1;0;0;0;1;1;0;0;0;1-1;0;0;0;0
1;1;1;1;1;1;0;0;0;0;1;1;1;1;1;1;0;0;0;0;1;1;1;1;1-0;1;0;0;0
1;1;1;1;1;0;0;1;0;0;0;0;1;0;0;0;0;1;0;0;1;1;1;1;1-0;0;1;0;0
1;1;1;1;1;1;0;0;0;1;1;0;0;0;1;1;0;0;0;1;1;1;1;1;1-0;0;0;1;0
1;0;0;0;1;1;0;0;0;1;1;0;0;0;1;1;0;0;0;1;1;1;1;1;1-0;0;0;0;1
1;1;1;1;1;1;0;0;0;1;1;1;1;1;1;1;0;0;0;1;1;0;0;0;1-1;0;0;0;0
1;1;1;1;1;1;0;0;0;0;1;1;1;1;1;1;0;0;0;0;1;1;1;1;1-0;1;0;0;0
1;1;1;1;1;0;0;1;0;0;0;0;1;0;0;0;0;1;0;0;1;1;1;1;1-0;0;1;0;0
1;1;1;1;1;1;0;0;0;1;1;0;0;0;1;1;0;0;0;1;1;1;1;1;1-0;0;0;1;0
1;0;0;0;1;1;0;0;0;1;1;0;0;0;1;1;0;0;0;1;1;1;1;1;1-0;0;0;0;1
1;1;1;1;1;1;0;0;0;1;1;1;1;1;1;1;0;0;0;1;1;0;0;0;1-1;0;0;0;0
1;1;1;1;1;1;0;0;0;0;1;1;1;1;1;1;0;0;0;0;1;1;1;1;1-0;1;0;0;0
1;1;1;1;1;0;0;1;0;0;0;0;1;0;0;0;0;1;0;0;1;1;1;1;1-0;0;1;0;0
1;1;1;1;1;1;0;0;0;1;1;0;0;0;1;1;0;0;0;1;1;1;1;1;1-0;0;0;1;0
1;0;0;0;1;1;0;0;0;1;1;0;0;0;1;1;0;0;0;1;1;1;1;1;1-0;0;0;0;1
1;1;1;1;1;1;0;0;0;1;1;1;1;1;1;1;0;0;0;1;1;0;0;0;1-1;0;0;0;0
1;1;1;1;1;1;0;0;0;0;1;1;1;1;1;1;0;0;0;0;1;1;1;1;1-0;1;0;0;0
1;1;1;1;1;0;0;1;0;0;0;0;1;0;0;0;0;1;0;0;1;1;1;1;1-0;0;1;0;0
1;1;1;1;1;1;0;0;0;1;1;0;0;0;1;1;0;0;0;1;1;1;1;1;1-0;0;0;1;0
1;0;0;0;1;1;0;0;0;1;1;0;0;0;1;1;0;0;0;1;1;1;1;1;1-0;0;0;0;1
1;1;1;1;1;1;0;0;0;1;1;1;1;1;1;1;0;0;0;1;1;0;0;0;1-1;0;0;0;0
1;1;1;1;1;1;0;0;0;0;1;1;1;1;1;1;0;0;0;0;1;1;1;1;1-0;1;0;0;0
1;1;1;1;1;0;0;1;0;0;0;0;1;0;0;0;0;1;0;0;1;1;1;1;1-0;0;1;0;0
1;1;1;1;1;1;0;0;0;1;1;0;0;0;1;1;0;0;0;1;1;1;1;1;1-0;0;0;1;0
1;0;0;0;1;1;0;0;0;1;1;0;0;0;1;1;0;0;0;1;1;1;1;1;1-0;0;0;0;1
1;1;1;1;1;1;0;0;0;1;1;1;1;1;1;1;0;0;0;1;1;0;0;0;1-1;0;0;0;0
1;1;1;1;1;1;0;0;0;0;1;1;1;1;1;1;0;0;0;0;1;1;1;1;1-0;1;0;0;0
1;1;1;1;1;0;0;1;0;0;0;0;1;0;0;0;0;1;0;0;1;1;1;1;1-0;0;1;0;0
1;1;1;1;1;1;0;0;0;1;1;0;0;0;1;1;0;0;0;1;1;1;1;1;1-0;0;0;1;0
1;0;0;0;1;1;0;0;0;1;1;0;0;0;1;1;0;0;0;1;1;1;1;1;1-0;0;0;0;1
1;1;1;1;1;1;0;0;0;1;1;1;1;1;1;1;0;0;0;1;1;0;0;0;1-1;0;0;0;0
1;1;1;1;1;1;0;0;0;0;1;1;1;1;1;1;0;0;0;0;1;1;1;1;1-0;1;0;0;0
1;1;1;1;1;0;0;1;0;0;0;0;1;0;0;0;0;1;0;0;1;1;1;1;1-0;0;1;0;0
1;1;1;1;1;1;0;0;0;1;1;0;0;0;1;1;0;0;0;1;1;1;1;1;1-0;0;0;1;0
1;0;0;0;1;1;0;0;0;1;1;0;0;0;1;1;0;0;0;1;1;1;1;1;1-0;0;0;0;1
1;1;1;1;1;1;0;0;0;1;1;1;1;1;1;1;0;0;0;1;1;0;0;0;1-1;0;0;0;0
1;1;1;1;1;1;0;0;0;0;1;1;1;1;1;1;0;0;0;0;1;1;1;1;1-0;1;0;0;0
1;1;1;1;1;0;0;1;0;0;0;0;1;0;0;0;0;1;0;0;1;1;1;1;1-0;0;1;0;0
1;1;1;1;1;1;0;0;0;1;1;0;0;0;1;1;0;0;0;1;1;1;1;1;1-0;0;0;1;0
1;0;0;0;1;1;0;0;0;1;1;0;0;0;1;1;0;0;0;1;1;1;1;1;1-0;0;0;0;1
1;1;1;1;1;1;0;0;0;1;1;1;1;1;1;1;0;0;0;1;1;0;0;0;1-1;0;0;0;0
1;1;1;1;1;1;0;0;0;0;1;1;1;1;1;1;0;0;0;0;1;1;1;1;1-0;1;0;0;0
1;1;1;1;1;0;0;1;0;0;0;0;1;0;0;0;0;1;0;0;1;1;1;1;1-0;0;1;0;0
1;1;1;1;1;1;0;0;0;1;1;0;0;0;1;1;0;0;0;1;1;1;1;1;1-0;0;0;1;0
1;0;0;0;1;1;0;0;0;1;1;0;0;0;1;1;0;0;0;1;1;1;1;1;1-0;0;0;0;1
1;1;1;1;1;1;0;0;0;1;1;1;1;1;1;1;0;0;0;1;1;0;0;0;1-1;0;0;0;0
1;1;1;1;1;1;0;0;0;0;1;1;1;1;1;1;0;0;0;0;1;1;1;1;1-0;1;0;0;0
1;1;1;1;1;0;0;1;0;0;0;0;1;0;0;0;0;1;0;0;1;1;1;1;1-0;0;1;0;0
1;1;1;1;1;1;0;0;0;1;1;0;0;0;1;1;0;0;0;1;1;1;1;1;1-0;0;0;1;0
1;0;0;0;1;1;0;0;0;1;1;0;0;0;1;1;0;0;0;1;1;1;1;1;1-0;0;0;0;1
1;1;1;1;1;1;0;0;0;1;1;1;1;1;1;1;0;0;0;1;1;0;0;0;1-1;0;0;0;0
1;1;1;1;1;1;0;0;0;0;1;1;1;1;1;1;0;0;0;0;1;1;1;1;1-0;1;0;0;0
1;1;1;1;1;0;0;1;0;0;0;0;1;0;0;0;0;1;0;0;1;1;1;1;1-0;0;1;0;0
1;1;1;1;1;1;0;0;0;1;1;0;0;0;1;1;0;0;0;1;1;1;1;1;1-0;0;0;1;0
1;0;0;0;1;1;0;0;0;1;1;0;0;0;1;1;0;0;0;1;1;1;1;1;1-0;0;0;0;1
1;1;1;1;1;1;0;0;0;1;1;1;1;1;1;1;0;0;0;1;1;0;0;0;1-1;0;0;0;0
1;1;1;1;1;1;0;0;0;0;1;1;1;1;1;1;0;0;0;0;1;1;1;1;1-0;1;0;0;0
1;1;1;1;1;0;0;1;0;0;0;0;1;0;0;0;0;1;0;0;1;1;1;1;1-0;0;1;0;0
1;1;1;1;1;1;0;0;0;1;1;0;0;0;1;1;0;0;0;1;1;1;1;1;1-0;0;0;1;0
1;0;0;0;1;1;0;0;0;1;1;0;0;0;1;1;0;0;0;1;1;1;1;1;1-0;0;0;0;1
1;1;1;1;1;1;0;0;0;1;1;1;1;1;1;1;0;0;0;1;1;0;0;0;1-1;0;0;0;0
1;1;1;1;1;1;0;0;0;0;1;1;1;1;1;1;0;0;0;0;1;1;1;1;1-0;1;0;0;0
1;1;1;1;1;0;0;1;0;0;0;0;1;0;0;0;0;1;0;0;1;1;1;1;1-0;0;1;0;0
1;1;1;1;1;1;0;0;0;1;1;0;0;0;1;1;0;0;0;1;1;1;1;1;1-0;0;0;1;0
1;0;0;0;1;1;0;0;0;1;1;0;0;0;1;1;0;0;0;1;1;1;1;1;1-0;0;0;0;1
1;1;1;1;1;1;0;0;0;1;1;1;1;1;1;1;0;0;0;1;1;0;0;0;1-1;0;0;0;0
1;1;1;1;1;1;0;0;0;0;1;1;1;1;1;1;0;0;0;0;1;1;1;1;1-0;1;0;0;0
1;1;1;1;1;0;0;1;0;0;0;0;1;0;0;0;0;1;0;0;1;1;1;1;1-0;0;1;0;0
1;1;1;1;1;1;0;0;0;1;1;0;0;0;1;1;0;0;0;1;1;1;1;1;1-0;0;0;1;0
1;0;0;0;1;1;0;0;0;1;1;0;0;0;1;1;0;0;0;1;1;1;1;1;1-0;0;0;0;1
1;1;1;1;1;1;0;0;0;1;1;1;1;1;1;1;0;0;0;1;1;0;0;0;1-1;0;0;0;0
1;1;1;1;1;1;0;0;0;0;1;1;1;1;1;1;0;0;0;0;1;1;1;1;1-0;1;0;0;0
1;1;1;1;1;0;0;1;0;0;0;0;1;0;0;0;0;1;0;0;1;1;1;1;1-0;0;1;0;0
1;1;1;1;1;1;0;0;0;1;1;0;0;0;1;1;0;0;0;1;1;1;1;1;1-0;0;0;1;0
1;0;0;0;1;1;0;0;0;1;1;0;0;0;1;1;0;0;0;1;1;1;1;1;1-0;0;0;0;1
1;1;1;1;1;1;0;0;0;1;1;1;1;1;1;1;0;0;0;1;1;0;0;0;1-1;0;0;0;0
1;1;1;1;1;1;0;0;0;0;1;1;1;1;1;1;0;0;0;0;1;1;1;1;1-0;1;0;0;0
1;1;1;1;1;0;0;1;0;0;0;0;1;0;0;0;0;1;0;0;1;1;1;1;1-0;0;1;0;0
1;1;1;1;1;1;0;0;0;1;1;0;0;0;1;1;0;0;0;1;1;1;1;1;1-0;0;0;1;0
1;0;0;0;1;1;0;0;0;1;1;0;0;0;1;1;0;0;0;1;1;1;1;1;1-0;0;0;0;1
1;1;1;1;1;1;0;0;0;1;1;1;1;1;1;1;0;0;0;1;1;0;0;0;1-1;0;0;0;0
1;1;1;1;1;1;0;0;0;0;1;1;1;1;1;1;0;0;0;0;1;1;1;1;1-0;1;0;0;0
1;1;1;1;1;0;0;1;0;0;0;0;1;0;0;0;0;1;0;0;1;1;1;1;1-0;0;1;0;0
1;1;1;1;1;1;0;0;0;1;1;0;0;0;1;1;0;0;0;1;1;1;1;1;1-0;0;0;1;0
1;0;0;0;1;1;0;0;0;1;1;0;0;0;1;1;0;0;0;1;1;1;1;1;1-0;0;0;0;1
1;1;1;1;1;1;0;0;0;1;1;1;1;1;1;1;0;0;0;1;1;0;0;0;1-1;0;0;0;0
1;1;1;1;1;1;0;0;0;0;1;1;1;1;1;1;0;0;0;0;1;1;1;1;1-0;1;0;0;0
1;1;1;1;1;0;0;1;0;0;0;0;1;0;0;0;0;1;0;0;1;1;1;1;1-0;0;1;0;0
1;1;1;1;1;1;0;0;0;1;1;0;0;0;1;1;0;0;0;1;1;1;1;1;1-0;0;0;1;0
1;0;0;0;1;1;0;0;0;1;1;0;0;0;1;1;0;0;0;1;1;1;1;1;1-0;0;0;0;1
1;1;1;1;1;1;0;0;0;1;1;1;1;1;1;1;0;0;0;1;1;0;0;0;1-1;0;0;0;0
1;1;1;1;1;1;0;0;0;0;1;1;1;1;1;1;0;0;0;0;1;1;1;1;1-0;1;0;0;0
1;1;1;1;1;0;0;1;0;0;0;0;1;0;0;0;0;1;0;0;1;1;1;1;1-0;0;1;0;0
1;1;1;1;1;1;0;0;0;1;1;0;0;0;1;1;0;0;0;1;1;1;1;1;1-0;0;0;1;0
1;0;0;0;1;1;0;0;0;1;1;0;0;0;1;1;0;0;0;1;1;1;1;1;1-0;0;0;0;1
1;1;1;1;0;1;0;0;0;1;1;1;1;1;1;1;0;0;0;1;1;1;1;1;0-b
1;1;1;1;1;1;0;0;0;0;1;0;0;0;0;1;0;0;0;0;1;1;1;1;1-c
0;0;0;0;1;0;0;0;0;1;1;1;1;1;1;1;0;0;0;1;1;1;1;1;1-d
1;1;1;1;1;1;0;0;0;0;1;1;1;1;1;1;0;0;0;0;1;0;0;0;0-F
1;1;1;1;1;1;0;0;0;0;1;0;0;1;1;1;0;0;0;1;1;1;1;1;1-G
1;0;0;0;1;1;0;0;0;1;1;1;1;1;1;1;0;0;0;1;1;0;0;0;1-H
1;1;1;1;1;0;0;1;0;0;1;0;1;0;0;1;0;1;0;0;1;1;1;0;0-J
1;0;0;1;1;1;0;1;0;0;1;1;0;0;0;1;0;1;0;0;1;0;0;1;1-K
1;0;0;0;0;1;0;0;0;0;1;0;0;0;0;1;0;0;0;0;1;1;1;1;1-L
1;0;0;0;1;1;1;0;1;1;1;1;0;1;1;1;0;1;0;1;1;0;1;0;1-M
1;0;0;0;1;1;1;0;0;1;1;0;1;0;1;1;0;0;1;1;1;0;0;0;1-N
1;1;1;1;1;1;0;0;0;1;1;1;1;1;1;1;0;0;0;0;1;0;0;0;0-P
1;1;1;1;1;1;1;0;0;1;1;0;1;0;1;1;0;0;1;1;1;1;1;1;1-Q
1;1;1;1;1;1;0;0;0;1;1;1;1;1;1;1;0;1;0;0;1;0;0;1;1-R
1;1;1;1;1;1;0;0;0;0;1;1;1;1;1;0;0;0;0;1;1;1;1;1;1-S
1;0;0;0;1;0;1;0;1;0;0;1;0;1;0;0;0;1;0;0;0;0;1;0;0-V
1;0;1;0;1;1;0;1;0;1;1;0;1;0;1;1;0;1;0;1;1;1;1;1;1-W
1;0;0;0;1;0;1;0;1;0;0;0;1;0;0;0;1;0;1;0;1;0;0;0;1-X
1;0;0;0;1;0;1;0;1;0;0;0;1;0;0;0;0;1;0;0;0;0;1;0;0-Y
1;1;1;1;1;0;0;0;0;1;1;1;1;1;1;1;0;0;0;0;1;1;1;1;1-Z
1;1;1;1;1;1;1;1;1;1;1;1;1;1;1;0;0;0;0;0;0;0;0;0;0-
0;0;0;0;0;0;0;0;0;0;1;1;1;1;1;1;1;1;1;1;1;1;1;1;1;
0;0;1;1;1;0;0;1;1;1;0;0;1;1;1;0;0;1;1;1;0;0;1;1;1;
1;1;1;0;0;1;1;1;0;0;1;1;1;0;0;1;1;1;0;0;1;1;1;0;0;
1;1;1;1;1;1;1;1;1;1;1;1;1;1;1;1;1;1;1;1;1;1;1;1;1;
0;0;0;0;0;0;0;0;0;0;0;0;0;0;0;0;0;0;0;0;0;0;0;0;0;
